Id,SalePrice
1461,126626.625
1462,162125.25
1463,181279.19
1464,188674.38
1465,215699.73
1466,176987.36
1467,165712.08
1468,166392.73
1469,181862.27
1470,128019.16
1471,203915.47
1472,89012.44
1473,90575.34
1474,153115.52
1475,133291.33
1476,390532.16
1477,261500.19
1478,299409.25
1479,285742.84
1480,499376.25
1481,326220.56
1482,217658.06
1483,170132.75
1484,181609.84
1485,170404.84
1486,192170.52
1487,356271.78
1488,231798.38
1489,206723.47
1490,215761.92
1491,190036.28
1492,91317.04
1493,191464.16
1494,293913.97
1495,296160.47
1496,219020.33
1497,189603.81
1498,166357.69
1499,164534.6
1500,154447.14
1501,167004.38
1502,169378.89
1503,302334.12
1504,219044.78
1505,213453.1
1506,176411.16
1507,230476.98
1508,215751.03
1509,166078.48
1510,149912.56
1511,142668.77
1512,181338.38
1513,155037.55
1514,171795.89
1515,196140.11
1516,169351.77
1517,167660.88
1518,138571.9
1519,216579.17
1520,134800.17
1521,134044.3
1522,163935.6
1523,121085.734
1524,129509.85
1525,128495.414
1526,122057.8
1527,104014.445
1528,138359.02
1529,147890.34
1530,167376.55
1531,97208.36
1532,102479.58
1533,132721.81
1534,126828.25
1535,142385.55
1536,121102.734
1537,57264.695
1538,158366.95
1539,227108.27
1540,94076.266
1541,138382.38
1542,133442.44
1543,213702.11
1544,94488.53
1545,106599.86
1546,119099.61
1547,124642.945
1548,133101.62
1549,106956.69
1550,138462.33
1551,108966.14
1552,133252.33
1553,159628.7
1554,114252.71
1555,178715.66
1556,90421.77
1557,124060.234
1558,87936.76
1559,103413.55
1560,134615.45
1561,124403.49
1562,128277.74
1563,120214.195
1564,163909.5
1565,145905.28
1566,237252.12
1567,68652.54
1568,226914.02
1569,153321.45
1570,128327.41
1571,137196.25
1572,145017.86
1573,244763.33
1574,119637.15
1575,238099.16
1576,214030.02
1577,196759.62
1578,156509.78
1579,137818.08
1580,195301.73
1581,155458.19
1582,126900.57
1583,332823.6
1584,220761.6
1585,139478.95
1586,75730.45
1587,100775.04
1588,156852.16
1589,102256.84
1590,134177.53
1591,110810.25
1592,127261.02
1593,123587.984
1594,160275.38
1595,107441.67
1596,231929.36
1597,182801.77
1598,218922.12
1599,200677.12
1600,195518.56
1601,63219.242
1602,106168.75
1603,102394.664
1604,277773.06
1605,246432.17
1606,162587.19
1607,147289.45
1608,211379.42
1609,200574.5
1610,148615.6
1611,141373.6
1612,170610.47
1613,162827.98
1614,128532.84
1615,93983.59
1616,77630.34
1617,86381.55
1618,126343.89
1619,147474.5
1620,175082.4
1621,133278.67
1622,135893.73
1623,296858.4
1624,191597.45
1625,123116.96
1626,164047.27
1627,180695.42
1628,273616.06
1629,183433.55
1630,319493.53
1631,227091.92
1632,249894.6
1633,169213.9
1634,183352.72
1635,180864.06
1636,150433.77
1637,190855.64
1638,209360.47
1639,181550.77
1640,273105.5
1641,169221.61
1642,217273.86
1643,226004.6
1644,210032.97
1645,181637.0
1646,157809.42
1647,152497.03
1648,134080.84
1649,139634.42
1650,124153.66
1651,130478.38
1652,93485.68
1653,94071.88
1654,156933.08
1655,145786.9
1656,150369.45
1657,156841.47
1658,151241.64
1659,137204.16
1660,152393.83
1661,472209.97
1662,392543.75
1663,396433.5
1664,466087.12
1665,327268.88
1666,342607.56
1667,387473.94
1668,362319.6
1669,277926.47
1670,357568.22
1671,273627.0
1672,436165.0
1673,302026.75
1674,246523.45
1675,179630.03
1676,182451.45
1677,207383.0
1678,442252.56
1679,398522.66
1680,329457.97
1681,272085.22
1682,282144.4
1683,177780.3
1684,165107.0
1685,170873.39
1686,172294.75
1687,163772.33
1688,189725.5
1689,192271.77
1690,186776.64
1691,175457.58
1692,269608.1
1693,163280.66
1694,184327.14
1695,163882.86
1696,269248.84
1697,176749.08
1698,355858.9
1699,307963.97
1700,232915.05
1701,260947.9
1702,262453.9
1703,253914.5
1704,294600.25
1705,225959.55
1706,400916.3
1707,234586.08
1708,196295.0
1709,261313.56
1710,218342.22
1711,221581.23
1712,275106.88
1713,254946.36
1714,221043.64
1715,203136.97
1716,180020.3
1717,174676.58
1718,132163.95
1719,204728.16
1720,263457.25
1721,170804.72
1722,128306.305
1723,157446.47
1724,225790.86
1725,238651.33
1726,206976.66
1727,163398.14
1728,181122.47
1729,162249.19
1730,169239.84
1731,120614.45
1732,118771.266
1733,116263.64
1734,121097.49
1735,135738.33
1736,115591.31
1737,354043.62
1738,216014.42
1739,282103.94
1740,209536.52
1741,177189.34
1742,167137.28
1743,171253.3
1744,318242.28
1745,219858.66
1746,219857.75
1747,237542.83
1748,208958.69
1749,153252.78
1750,131174.64
1751,256098.75
1752,116740.29
1753,149982.94
1754,189042.69
1755,162007.1
1756,129524.04
1757,122015.92
1758,139145.0
1759,161742.33
1760,165129.03
1761,135351.12
1762,179110.52
1763,173973.38
1764,117185.65
1765,175336.62
1766,176583.95
1767,202662.34
1768,143680.05
1769,164730.69
1770,140352.9
1771,126359.37
1772,143761.55
1773,125701.8
1774,106988.52
1775,140270.36
1776,123558.27
1777,115508.02
1778,137230.19
1779,114822.28
1780,183576.23
1781,129889.36
1782,102636.87
1783,145727.22
1784,93872.336
1785,121868.39
1786,134204.88
1787,185055.3
1788,50356.305
1789,96972.2
1790,77557.36
1791,180233.83
1792,156987.19
1793,118851.664
1794,142220.45
1795,139236.19
1796,132701.88
1797,119594.02
1798,125683.83
1799,120253.53
1800,130586.83
1801,147615.5
1802,150028.08
1803,154677.83
1804,145913.02
1805,133790.0
1806,113921.375
1807,125262.27
1808,122485.5
1809,109742.52
1810,135843.62
1811,101811.88
1812,102296.01
1813,121072.086
1814,104676.33
1815,56806.258
1816,92318.2
1817,110782.32
1818,146126.27
1819,115541.92
1820,61864.06
1821,106665.42
1822,143045.17
1823,41636.227
1824,142218.66
1825,140441.53
1826,95486.266
1827,108407.12
1828,131577.25
1829,113050.51
1830,140380.92
1831,166315.31
1832,91682.43
1833,144528.72
1834,118745.83
1835,167519.66
1836,124186.91
1837,89881.516
1838,120748.99
1839,85158.19
1840,150695.62
1841,153922.5
1842,83872.47
1843,135890.2
1844,133079.17
1845,155857.33
1846,148502.75
1847,158536.81
1848,48007.438
1849,115105.336
1850,119642.836
1851,157498.06
1852,125025.336
1853,131017.25
1854,173656.64
1855,146477.98
1856,221308.88
1857,159268.98
1858,129577.84
1859,114023.98
1860,150509.05
1861,114023.98
1862,298657.16
1863,286632.8
1864,286632.8
1865,352522.62
1866,351254.75
1867,240088.06
1868,306396.9
1869,192772.62
1870,238292.16
1871,250827.47
1872,166492.08
1873,235620.84
1874,141434.36
1875,212721.42
1876,190962.3
1877,216541.38
1878,220400.61
1879,132287.36
1880,133090.34
1881,247437.78
1882,247585.16
1883,192709.84
1884,206068.58
1885,257494.44
1886,316246.53
1887,212173.84
1888,287233.97
1889,156571.42
1890,131019.14
1891,143630.81
1892,105913.42
1893,132621.33
1894,121119.17
1895,133135.05
1896,125259.664
1897,111875.44
1898,108090.734
1899,155558.47
1900,154439.52
1901,177886.38
1902,138930.7
1903,219105.47
1904,146148.73
1905,194312.39
1906,170717.86
1907,203267.9
1908,107157.91
1909,128098.445
1910,116296.414
1911,216824.42
1912,278597.53
1913,140933.67
1914,70894.28
1915,336197.1
1916,61992.94
1917,257761.72
1918,134238.88
1919,162620.12
1920,146374.33
1921,436695.7
1922,349124.1
1923,207343.89
1924,224345.38
1925,211504.77
1926,409981.94
1927,135637.19
1928,159157.78
1929,129278.57
1930,130203.84
1931,138518.16
1932,131506.7
1933,171220.25
1934,177611.33
1935,162734.06
1936,186293.52
1937,192901.77
1938,165240.22
1939,243279.17
1940,215208.25
1941,174014.33
1942,178184.22
1943,230244.88
1944,372765.7
1945,368518.4
1946,169330.72
1947,309313.88
1948,179567.22
1949,243771.3
1950,177194.12
1951,269766.4
1952,214311.27
1953,161645.31
1954,221098.42
1955,142362.38
1956,321696.0
1957,156587.5
1958,316183.6
1959,140236.8
1960,122790.984
1961,121549.31
1962,95665.18
1963,103581.94
1964,102334.05
1965,149922.7
1966,145678.14
1967,303104.88
1968,424596.53
1969,398123.28
1970,415203.78
1971,470810.88
1972,365640.47
1973,256829.22
1974,343587.44
1975,462545.97
1976,263915.66
1977,348801.34
1978,388326.88
1979,334966.66
1980,185586.77
1981,359939.53
1982,226682.31
1983,213212.64
1984,172697.05
1985,222790.62
1986,198013.33
1987,186212.92
1988,179239.67
1989,183859.98
1990,217233.64
1991,219057.6
1992,211859.69
1993,167756.11
1994,238148.64
1995,193635.64
1996,241842.03
1997,356588.16
1998,328353.47
1999,239329.86
2000,300377.78
2001,249660.2
2002,239011.64
2003,265872.66
2004,243325.55
2005,224581.78
2006,241089.67
2007,241202.81
2008,217417.66
2009,192060.95
2010,192494.6
2011,140055.34
2012,178854.92
2013,185218.23
2014,184785.2
2015,207732.81
2016,191883.17
2017,200205.62
2018,118178.5
2019,131414.7
2020,110226.766
2021,111546.4
2022,183304.64
2023,139507.89
2024,246350.17
2025,349188.06
2026,177232.97
2027,150941.2
2028,166706.69
2029,165446.45
2030,254575.42
2031,233207.97
2032,249770.77
2033,258737.14
2034,162081.5
2035,211543.38
2036,171788.42
2037,171788.42
2038,315669.38
2039,213588.62
2040,323659.84
2041,284295.84
2042,200629.3
2043,172626.62
2044,166134.0
2045,212599.7
2046,142433.62
2047,146727.88
2048,140782.67
2049,131521.38
2050,178336.8
2051,106901.74
2052,127198.85
2053,148515.22
2054,76696.41
2055,156000.5
2056,134350.38
2057,122217.06
2058,218041.67
2059,125599.39
2060,166727.3
2061,186568.61
2062,135470.27
2063,119417.43
2064,145726.62
2065,115559.05
2066,171514.23
2067,124707.57
2068,111931.875
2069,85793.42
2070,111816.88
2071,95049.77
2072,128644.766
2073,137055.56
2074,173912.61
2075,148224.56
2076,122142.27
2077,155209.95
2078,130224.71
2079,140955.19
2080,122988.08
2081,127251.57
2082,114329.74
2083,151768.98
2084,115446.58
2085,124199.13
2086,123407.625
2087,124882.07
2088,96815.14
2089,70428.57
2090,120331.914
2091,114804.125
2092,136187.98
2093,121827.04
2094,132903.61
2095,135894.23
2096,78346.375
2097,83189.46
2098,139892.25
2099,60034.87
2100,87875.46
2101,108058.97
2102,130040.664
2103,92826.52
2104,122821.21
2105,121048.12
2106,62309.906
2107,211505.03
2108,117980.89
2109,118831.83
2110,134004.25
2111,147204.69
2112,127597.46
2113,119961.82
2114,111243.88
2115,154382.02
2116,122718.1
2117,151728.66
2118,122225.766
2119,105518.0
2120,109327.98
2121,91441.34
2122,91021.87
2123,82033.94
2124,185239.02
2125,130177.03
2126,158479.53
2127,147722.53
2128,122657.56
2129,105053.234
2130,136726.98
2131,136971.97
2132,124322.266
2133,124398.2
2134,118889.63
2135,97810.51
2136,82051.39
2137,106564.72
2138,132783.98
2139,144712.61
2140,141715.92
2141,141405.05
2142,127149.34
2143,140868.05
2144,120747.38
2145,135798.1
2146,147225.14
2147,141549.61
2148,125805.62
2149,145299.4
2150,229026.72
2151,126945.15
2152,200873.58
2153,159204.6
2154,112373.984
2155,133882.0
2156,245935.06
2157,227886.14
2158,237865.0
2159,214618.84
2160,179504.4
2161,233895.88
2162,410926.6
2163,355476.78
2164,242996.61
2165,176708.39
2166,151001.58
2167,230565.36
2168,192976.67
2169,204606.94
2170,220015.02
2171,152871.23
2172,134362.94
2173,163346.6
2174,233336.02
2175,303041.47
2176,344105.2
2177,226962.86
2178,193407.69
2179,137576.73
2180,185230.83
2181,190197.27
2182,218784.81
2183,191429.95
2184,115689.98
2185,115243.32
2186,138944.36
2187,152811.28
2188,153889.95
2189,226368.39
2190,95208.56
2191,97582.64
2192,100645.14
2193,89489.14
2194,98292.375
2195,115096.14
2196,109398.48
2197,135302.06
2198,149785.61
2199,155705.34
2200,150289.9
2201,135637.23
2202,187523.69
2203,146647.78
2204,199658.06
2205,115252.65
2206,142506.34
2207,212622.05
2208,264855.7
2209,228931.72
2210,117670.12
2211,121118.91
2212,112868.695
2213,109411.96
2214,116526.51
2215,98672.44
2216,138837.95
2217,82185.37
2218,104011.52
2219,79629.03
2220,74172.914
2221,327801.7
2222,278866.8
2223,294232.56
2224,207614.33
2225,130459.516
2226,193072.66
2227,180172.86
2228,278022.03
2229,221955.33
2230,149767.95
2231,228698.6
2232,177621.55
2233,166236.6
2234,246182.81
2235,207849.66
2236,273819.2
2237,359243.9
2238,212001.52
2239,108089.51
2240,159402.28
2241,133595.97
2242,136374.56
2243,123520.336
2244,99797.95
2245,94475.375
2246,142130.86
2247,107291.51
2248,126530.44
2249,127931.66
2250,137551.1
2251,129809.36
2252,180679.55
2253,156552.88
2254,175366.22
2255,181105.39
2256,186540.31
2257,196151.78
2258,175339.89
2259,178467.28
2260,139077.08
2261,204498.98
2262,231393.27
2263,358722.9
2264,437776.75
2265,175027.34
2266,283207.5
2267,370284.06
2268,383043.3
2269,142678.88
2270,191544.23
2271,216818.95
2272,203104.16
2273,164708.19
2274,178334.05
2275,161368.75
2276,176482.94
2277,186760.9
2278,152942.86
2279,126914.125
2280,125950.61
2281,170607.55
2282,185113.02
2283,103067.7
2284,121401.96
2285,146762.72
2286,125073.79
2287,353331.88
2288,270287.9
2289,386716.6
2290,422965.38
2291,330922.3
2292,439851.22
2293,461791.0
2294,443546.53
2295,420780.4
2296,270013.28
2297,283465.1
2298,349378.22
2299,417912.7
2300,323201.2
2301,243239.77
2302,255075.86
2303,253935.86
2304,253844.3
2305,171822.33
2306,167389.95
2307,185533.53
2308,217648.89
2309,272090.88
2310,222015.55
2311,195471.8
2312,187893.89
2313,173052.9
2314,172574.83
2315,178318.11
2316,171061.2
2317,179443.89
2318,177262.6
2319,173908.62
2320,194002.72
2321,242334.55
2322,177997.88
2323,186514.23
2324,166892.12
2325,212619.2
2326,165881.38
2327,212121.83
2328,234657.6
2329,186035.0
2330,181420.42
2331,368724.25
2332,381456.62
2333,317854.88
2334,238499.05
2335,258402.06
2336,334214.7
2337,209558.0
2338,292668.5
2339,225834.12
2340,378701.78
2341,232735.72
2342,233581.95
2343,221848.28
2344,231918.42
2345,252734.62
2346,230657.06
2347,196855.72
2348,208873.05
2349,183538.33
2350,256502.47
2351,256066.77
2352,245718.23
2353,218594.92
2354,139708.62
2355,153719.38
2356,151474.08
2357,199034.23
2358,188815.53
2359,124872.75
2360,120215.484
2361,141402.36
2362,278677.5
2363,140082.6
2364,152542.25
2365,222815.84
2366,202948.73
2367,219533.75
2368,210861.16
2369,228353.34
2370,169768.12
2371,164977.45
2372,177843.84
2373,265899.03
2374,300415.53
2375,251928.89
2376,246528.1
2377,353022.84
2378,143354.55
2379,198773.22
2380,137602.27
2381,152275.67
2382,204815.58
2383,211596.6
2384,242113.39
2385,155599.02
2386,134090.48
2387,143082.52
2388,101725.086
2389,124476.945
2390,138944.42
2391,138763.11
2392,120780.31
2393,158524.61
2394,144514.05
2395,205999.34
2396,143931.95
2397,215738.0
2398,129519.57
2399,55204.758
2400,55668.727
2401,109951.32
2402,143467.05
2403,133699.23
2404,150486.16
2405,155187.6
2406,141553.17
2407,135395.84
2408,148098.53
2409,128579.78
2410,169341.55
2411,122572.65
2412,161688.27
2413,134091.48
2414,138615.78
2415,128803.43
2416,130921.375
2417,132043.56
2418,130265.32
2419,115465.055
2420,124943.56
2421,138575.45
2422,107433.35
2423,139773.69
2424,156928.23
2425,222109.17
2426,143334.81
2427,146012.28
2428,180296.23
2429,121919.72
2430,128128.87
2431,105066.93
2432,146671.58
2433,141624.25
2434,142841.47
2435,154861.62
2436,112719.27
2437,108616.35
2438,123519.34
2439,110533.984
2440,127868.76
2441,99603.51
2442,102605.445
2443,116891.0
2444,112419.74
2445,88228.92
2446,138370.56
2447,172972.22
2448,138215.62
2449,109284.6
2450,155003.5
2451,124773.54
2452,240142.53
2453,103680.05
2454,114942.805
2455,112632.055
2456,125716.76
2457,120126.14
2458,116264.49
2459,107291.09
2460,127070.0
2461,114781.08
2462,131651.8
2463,128274.16
2464,155909.17
2465,138153.9
2466,122969.66
2467,157873.08
2468,81924.95
2469,89793.71
2470,189327.19
2471,200378.66
2472,152537.06
2473,123454.74
2474,83086.26
2475,236221.77
2476,123079.125
2477,126391.39
2478,149151.19
2479,109335.82
2480,145554.8
2481,112285.31
2482,136500.17
2483,112954.68
2484,124132.234
2485,130878.71
2486,155046.84
2487,205579.7
2488,157224.95
2489,150333.28
2490,156683.8
2491,86439.48
2492,178625.92
2493,138414.19
2494,166707.89
2495,93748.305
2496,223204.75
2497,153099.5
2498,112708.69
2499,92365.516
2500,119413.195
2501,140887.2
2502,154361.0
2503,113079.98
2504,188211.22
2505,222634.45
2506,258461.31
2507,294228.84
2508,259422.98
2509,216694.72
2510,226739.05
2511,186889.39
2512,204555.17
2513,218628.05
2514,252565.12
2515,140688.28
2516,170434.36
2517,140204.06
2518,149229.58
2519,226491.52
2520,218842.72
2521,197115.27
2522,221484.08
2523,125754.01
2524,137417.0
2525,142496.94
2526,137380.53
2527,104700.01
2528,132278.64
2529,132096.25
2530,115608.875
2531,248885.5
2532,227839.98
2533,201171.48
2534,236199.36
2535,314426.53
2536,244851.0
2537,227228.72
2538,191077.39
2539,192293.72
2540,171847.8
2541,183183.38
2542,166276.92
2543,123982.305
2544,124874.625
2545,131164.81
2546,130035.5
2547,132247.2
2548,144607.12
2549,161468.58
2550,385989.5
2551,142047.47
2552,127579.63
2553,84513.39
2554,110780.586
2555,114906.6
2556,107499.65
2557,111024.53
2558,129020.6
2559,138395.88
2560,147124.0
2561,155419.27
2562,143899.97
2563,151085.73
2564,184212.08
2565,140888.42
2566,170561.19
2567,140258.45
2568,199803.11
2569,195627.6
2570,113948.99
2571,177769.52
2572,192957.8
2573,238013.83
2574,295458.47
2575,128948.94
2576,118261.73
2577,134667.27
2578,84820.24
2579,61478.293
2580,138437.03
2581,114674.31
2582,120615.68
2583,286073.47
2584,158589.9
2585,171911.2
2586,213906.02
2587,204936.4
2588,156198.95
2589,142856.03
2590,210253.33
2591,195639.19
2592,208366.75
2593,260435.12
2594,174706.23
2595,213174.56
2596,311220.38
2597,177889.97
2598,264906.8
2599,336544.75
2600,162252.92
2601,143419.8
2602,80730.125
2603,95756.51
2604,93139.86
2605,83224.805
2606,142242.39
2607,195424.84
2608,217026.97
2609,169080.33
2610,120806.61
2611,144677.86
2612,149504.27
2613,137656.22
2614,130180.28
2615,150442.14
2616,142500.9
2617,174972.4
2618,185630.83
2619,204723.53
2620,185372.7
2621,182592.58
2622,186968.17
2623,255769.05
2624,303530.03
2625,327372.28
2626,163307.31
2627,191218.98
2628,426662.2
2629,486740.3
2630,345705.25
2631,454235.5
2632,465447.97
2633,308212.75
2634,395444.3
2635,154972.4
2636,191514.22
2637,193527.8
2638,236863.34
2639,184165.06
2640,155678.48
2641,106561.37
2642,184545.77
2643,105645.766
2644,123954.76
2645,103690.16
2646,97137.336
2647,101963.7
2648,142897.22
2649,149809.62
2650,145173.25
2651,148666.8
2652,398462.56
2653,243211.11
2654,234610.3
2655,419793.16
2656,341010.8
2657,349671.6
2658,289132.8
2659,281731.5
2660,361539.66
2661,370850.38
2662,339376.84
2663,285435.28
2664,277213.1
2665,317874.7
2666,288429.25
2667,162965.17
2668,185664.45
2669,168752.8
2670,262204.0
2671,188693.95
2672,189897.12
2673,196308.11
2674,185175.92
2675,186959.42
2676,191591.78
2677,189596.33
2678,265719.3
2679,270564.03
2680,275398.72
2681,428484.7
2682,313518.7
2683,467927.78
2684,311976.16
2685,372443.4
2686,259355.52
2687,329339.22
2688,228992.06
2689,218662.86
2690,402429.25
2691,183287.03
2692,140501.94
2693,194704.89
2694,133687.66
2695,196771.27
2696,194485.25
2697,190758.81
2698,192343.16
2699,171569.53
2700,161803.67
2701,156220.9
2702,108037.47
2703,134981.6
2704,143476.9
2705,123855.75
2706,123176.89
2707,135825.53
2708,136209.4
2709,119007.305
2710,129965.28
2711,266646.12
2712,397800.47
2713,173852.53
2714,159457.88
2715,166551.58
2716,166331.89
2717,176323.03
2718,221720.55
2719,159134.69
2720,163089.81
2721,138051.84
2722,158230.03
2723,142660.69
2724,132856.36
2725,133413.23
2726,146904.3
2727,176280.2
2728,167971.58
2729,153460.39
2730,148873.11
2731,124479.4
2732,123892.53
2733,157526.94
2734,136872.77
2735,146072.33
2736,146435.1
2737,129060.07
2738,139286.78
2739,156515.34
2740,140983.44
2741,157775.55
2742,153588.08
2743,148826.83
2744,161088.22
2745,141032.03
2746,140029.72
2747,147717.39
2748,125035.945
2749,130693.45
2750,136218.03
2751,144791.77
2752,256696.38
2753,154129.95
2754,271343.66
2755,137862.97
2756,93766.8
2757,64893.6
2758,78422.01
2759,157987.56
2760,128022.05
2761,142913.88
2762,150297.25
2763,191877.66
2764,140182.42
2765,302838.4
2766,134252.25
2767,88935.21
2768,137732.78
2769,127361.37
2770,148694.8
2771,111459.49
2772,125621.05
2773,149823.67
2774,134456.7
2775,125713.63
2776,137661.06
2777,143702.95
2778,125993.82
2779,114040.91
2780,94724.62
2781,99030.83
2782,90309.83
2783,97129.05
2784,132634.52
2785,131602.16
2786,68922.445
2787,122985.89
2788,66380.71
2789,172391.62
2790,97107.414
2791,121097.375
2792,67092.13
2793,180819.39
2794,87197.805
2795,121944.945
2796,103417.14
2797,226900.73
2798,110105.766
2799,112509.58
2800,55554.99
2801,106661.25
2802,143909.88
2803,157291.17
2804,137215.33
2805,93036.195
2806,74109.41
2807,156853.42
2808,142597.17
2809,139681.94
2810,131366.02
2811,158679.3
2812,142295.77
2813,150386.55
2814,132976.55
2815,97725.71
2816,251549.31
2817,148687.8
2818,137342.25
2819,176683.88
2820,141207.22
2821,113227.7
2822,215866.83
2823,291540.75
2824,181693.61
2825,144636.94
2826,133780.56
2827,143653.38
2828,239175.14
2829,183052.55
2830,208158.08
2831,183458.67
2832,235452.42
2833,311571.0
2834,205605.36
2835,220458.66
2836,197853.97
2837,156330.1
2838,149838.31
2839,184993.84
2840,203487.19
2841,209991.6
2842,224967.55
2843,152493.33
2844,151021.69
2845,119138.87
2846,212440.64
2847,196950.23
2848,218733.11
2849,208284.88
2850,285849.12
2851,246672.31
2852,237977.72
2853,236866.58
2854,139893.89
2855,203764.31
2856,203681.05
2857,195430.75
2858,212091.2
2859,129297.9
2860,127357.96
2861,125106.42
2862,190159.48
2863,131456.95
2864,229261.77
2865,145548.72
2866,138683.64
2867,84339.66
2868,109251.984
2869,116524.46
2870,132339.36
2871,101193.55
2872,46969.12
2873,108653.91
2874,137422.06
2875,123112.71
2876,160169.77
2877,142588.34
2878,173708.53
2879,132268.56
2880,108833.14
2881,150706.98
2882,181262.02
2883,175824.97
2884,212827.75
2885,196978.19
2886,219407.05
2887,95081.74
2888,131998.97
2889,53487.51
2890,81359.266
2891,131800.52
2892,55558.734
2893,108659.625
2894,60793.168
2895,339290.47
2896,290695.16
2897,219403.19
2898,147967.72
2899,223420.08
2900,155207.58
2901,217580.39
2902,180661.23
2903,366707.97
2904,361760.97
2905,100911.07
2906,209631.33
2907,114202.836
2908,134073.17
2909,138404.53
2910,87075.98
2911,80676.53
2912,148480.55
2913,86300.734
2914,80758.47
2915,85991.42
2916,86243.7
2917,160393.14
2918,122387.984
2919,226086.52
