Id,SalePrice
1461,121683.68
1462,178436.3
1463,180521.7
1464,191207.2
1465,184289.33
1466,184859.92
1467,175880.19
1468,167026.69
1469,199429.55
1470,121205.125
1471,206345.02
1472,97997.766
1473,101792.27
1474,157858.98
1475,122990.22
1476,417874.2
1477,253374.05
1478,287965.84
1479,266722.34
1480,466333.66
1481,319080.7
1482,224749.5
1483,183489.73
1484,169165.9
1485,167628.17
1486,190894.33
1487,358825.47
1488,234509.08
1489,189109.2
1490,216677.08
1491,186735.4
1492,98383.51
1493,185250.1
1494,292813.75
1495,286805.56
1496,204056.98
1497,172809.16
1498,159788.75
1499,157126.34
1500,144334.44
1501,164833.61
1502,153936.89
1503,291957.0
1504,258542.08
1505,212273.86
1506,181893.22
1507,263339.28
1508,209376.5
1509,159826.19
1510,144466.02
1511,142352.0
1512,175747.11
1513,147306.34
1514,172974.81
1515,191307.73
1516,151237.83
1517,169028.22
1518,127853.26
1519,215153.84
1520,135804.89
1521,133412.73
1522,169724.22
1523,106170.77
1524,125761.125
1525,119768.21
1526,118384.55
1527,107967.78
1528,149014.12
1529,150032.67
1530,184428.53
1531,97042.86
1532,101053.164
1533,139599.83
1534,119889.664
1535,156822.12
1536,113138.695
1537,61705.707
1538,168807.6
1539,229244.38
1540,102528.22
1541,144065.39
1542,143530.4
1543,202683.36
1544,83141.04
1545,106781.16
1546,127502.19
1547,112900.13
1548,135141.2
1549,119252.81
1550,135019.88
1551,129553.94
1552,122913.05
1553,150493.89
1554,118098.83
1555,179794.33
1556,82450.86
1557,110003.49
1558,90368.23
1559,85115.73
1560,136850.88
1561,115041.18
1562,135105.94
1563,118065.836
1564,158039.9
1565,134999.48
1566,252935.25
1567,83992.26
1568,214238.02
1569,118979.516
1570,140131.28
1571,116491.13
1572,150533.58
1573,252578.98
1574,129216.67
1575,218681.5
1576,234023.39
1577,188559.3
1578,159250.6
1579,137907.67
1580,186201.86
1581,151380.17
1582,126772.58
1583,313593.47
1584,226895.12
1585,139408.0
1586,81558.695
1587,99362.016
1588,145662.95
1589,100762.26
1590,144693.78
1591,100270.58
1592,129048.29
1593,134864.36
1594,137867.19
1595,118368.37
1596,256405.53
1597,175883.55
1598,211827.52
1599,170923.67
1600,168759.11
1601,77440.64
1602,126142.29
1603,100361.28
1604,273497.38
1605,258779.25
1606,176423.66
1607,202854.03
1608,211012.11
1609,189708.11
1610,140007.98
1611,135324.95
1612,162540.84
1613,156639.86
1614,133235.33
1615,89428.125
1616,72049.875
1617,96838.336
1618,122265.92
1619,147164.05
1620,154087.94
1621,131142.92
1622,135093.97
1623,286186.84
1624,191996.73
1625,136001.58
1626,166900.34
1627,188246.17
1628,279034.6
1629,176508.38
1630,392271.0
1631,237262.06
1632,242911.06
1633,161367.97
1634,187988.56
1635,176153.31
1636,155467.02
1637,182096.08
1638,181559.56
1639,178075.4
1640,287970.12
1641,179431.36
1642,215802.25
1643,247449.0
1644,258728.12
1645,180570.62
1646,157336.88
1647,161888.62
1648,132455.1
1649,132504.45
1650,116918.164
1651,124601.59
1652,97843.19
1653,107470.96
1654,153977.97
1655,161824.72
1656,149805.66
1657,151830.56
1658,151110.28
1659,139654.31
1660,150783.62
1661,479229.75
1662,440180.44
1663,423266.62
1664,458778.25
1665,321873.47
1666,342872.28
1667,373075.53
1668,339490.84
1669,293786.06
1670,355924.4
1671,273229.84
1672,440818.84
1673,300715.4
1674,236228.78
1675,180169.5
1676,192022.03
1677,215351.14
1678,437365.78
1679,399270.6
1680,351525.8
1681,264593.44
1682,287437.22
1683,182434.31
1684,175267.94
1685,171227.92
1686,173429.06
1687,158485.0
1688,189394.58
1689,186837.95
1690,187944.2
1691,183661.92
1692,276306.1
1693,156797.23
1694,175064.5
1695,161815.5
1696,264888.53
1697,165039.19
1698,359144.6
1699,311545.62
1700,244914.5
1701,264953.47
1702,264040.34
1703,250324.2
1704,296815.38
1705,253004.9
1706,439664.72
1707,212725.23
1708,202561.27
1709,287194.62
1710,245257.19
1711,269945.53
1712,255624.84
1713,290357.0
1714,228709.1
1715,189738.39
1716,182485.44
1717,174994.0
1718,132747.75
1719,190281.08
1720,252067.31
1721,169159.4
1722,123030.305
1723,154519.97
1724,230062.77
1725,218775.14
1726,186360.08
1727,160794.94
1728,187471.64
1729,163381.73
1730,146535.97
1731,121232.305
1732,119921.01
1733,125098.23
1734,123946.01
1735,132746.17
1736,109649.35
1737,351141.25
1738,234503.11
1739,294171.75
1740,192099.28
1741,196335.5
1742,167006.78
1743,174192.47
1744,317170.9
1745,239048.89
1746,225420.42
1747,210700.0
1748,216884.83
1749,154727.94
1750,132960.67
1751,257665.56
1752,114822.414
1753,152092.86
1754,218061.73
1755,175508.72
1756,124537.61
1757,116467.97
1758,138786.95
1759,161483.81
1760,163273.17
1761,140611.31
1762,177216.34
1763,174404.31
1764,120276.41
1765,184851.17
1766,176688.88
1767,240163.12
1768,144509.45
1769,166349.33
1770,144013.69
1771,127407.07
1772,145946.27
1773,125503.305
1774,111958.23
1775,139575.72
1776,130450.56
1777,110081.164
1778,131125.73
1779,113260.01
1780,182586.1
1781,127898.55
1782,94345.445
1783,135964.61
1784,105873.81
1785,116157.27
1786,115456.74
1787,185670.84
1788,75057.56
1789,110729.7
1790,81571.4
1791,203263.77
1792,166783.11
1793,142326.73
1794,152342.06
1795,141268.9
1796,119754.16
1797,144974.83
1798,120746.95
1799,119602.805
1800,122233.24
1801,129756.04
1802,144625.73
1803,166900.12
1804,133648.88
1805,140566.28
1806,130907.836
1807,126534.266
1808,112443.74
1809,108691.16
1810,137938.78
1811,89598.35
1812,96597.516
1813,116448.11
1814,97991.62
1815,57179.83
1816,97233.7
1817,102297.805
1818,157227.48
1819,131078.92
1820,67116.3
1821,113606.42
1822,156644.73
1823,58391.324
1824,144355.67
1825,127902.07
1826,98743.664
1827,100551.48
1828,128973.734
1829,124839.48
1830,144992.8
1831,150011.48
1832,84384.195
1833,149382.94
1834,116868.914
1835,140288.0
1836,142140.06
1837,90520.21
1838,121882.484
1839,97109.32
1840,149056.25
1841,139008.1
1842,81484.805
1843,126054.57
1844,133798.47
1845,135197.61
1846,154271.36
1847,147256.11
1848,73116.83
1849,115835.07
1850,118807.31
1851,152907.53
1852,126110.83
1853,130390.914
1854,167412.5
1855,155098.7
1856,220013.28
1857,149593.5
1858,128848.61
1859,107289.89
1860,138468.45
1861,103746.92
1862,302447.16
1863,291560.2
1864,291560.2
1865,359498.88
1866,340986.9
1867,254766.73
1868,308275.44
1869,211142.23
1870,266435.47
1871,261244.5
1872,169216.55
1873,244709.95
1874,141282.81
1875,195972.48
1876,194395.72
1877,202890.83
1878,203995.56
1879,135593.84
1880,132306.08
1881,261799.31
1882,263452.97
1883,185518.2
1884,199323.81
1885,272137.1
1886,295979.78
1887,196595.23
1888,278300.38
1889,164344.19
1890,117318.44
1891,141167.56
1892,110048.67
1893,132187.22
1894,119726.21
1895,137742.55
1896,122701.266
1897,103627.055
1898,110910.41
1899,162924.83
1900,151012.02
1901,159759.08
1902,156933.81
1903,237757.94
1904,146708.69
1905,181173.95
1906,166300.3
1907,202073.66
1908,110547.12
1909,132725.69
1910,120165.51
1911,215325.22
1912,303454.78
1913,150461.03
1914,73604.82
1915,308622.25
1916,86206.94
1917,259335.94
1918,139974.78
1919,161840.39
1920,150726.47
1921,443699.97
1922,341648.28
1923,204462.36
1924,224725.1
1925,193161.52
1926,415939.4
1927,134438.53
1928,162093.0
1929,118162.46
1930,128200.3
1931,141376.75
1932,133863.88
1933,165923.6
1934,182951.73
1935,179080.64
1936,194742.95
1937,191946.02
1938,162076.67
1939,240248.73
1940,182273.45
1941,176972.72
1942,189781.25
1943,204422.03
1944,329017.06
1945,362350.56
1946,152371.05
1947,302341.66
1948,182461.1
1949,265451.9
1950,170279.88
1951,261040.17
1952,250219.33
1953,172008.34
1954,185684.5
1955,125980.46
1956,326417.72
1957,156198.92
1958,302176.47
1959,139559.38
1960,114868.164
1961,121943.56
1962,94969.64
1963,119115.6
1964,108847.99
1965,151847.2
1966,157320.75
1967,270805.12
1968,443837.84
1969,423492.44
1970,452459.53
1971,425249.16
1972,393933.25
1973,267442.0
1974,315145.28
1975,465610.03
1976,253890.25
1977,345921.0
1978,402887.8
1979,356463.0
1980,189587.62
1981,349434.44
1982,230057.52
1983,225645.1
1984,176407.72
1985,206367.66
1986,207654.4
1987,185228.14
1988,170950.56
1989,191656.33
1990,209282.94
1991,230451.22
1992,203583.12
1993,172600.6
1994,238760.19
1995,185768.45
1996,253813.61
1997,320643.47
1998,316753.66
1999,254383.9
2000,298564.34
2001,270927.75
2002,249995.67
2003,259030.3
2004,277554.66
2005,245708.25
2006,259147.95
2007,242201.36
2008,206214.47
2009,185932.62
2010,193959.05
2011,141571.67
2012,175861.36
2013,188434.55
2014,190167.69
2015,203184.52
2016,189177.97
2017,192239.61
2018,123542.805
2019,139979.84
2020,108917.68
2021,103859.68
2022,185246.9
2023,143825.8
2024,227090.73
2025,384766.12
2026,167935.89
2027,143039.58
2028,161594.33
2029,167520.31
2030,268105.16
2031,246091.14
2032,250435.25
2033,254247.94
2034,172929.56
2035,205968.03
2036,194891.31
2037,196785.5
2038,350720.94
2039,214718.83
2040,376003.62
2041,296986.2
2042,196815.06
2043,170717.78
2044,179172.14
2045,254962.12
2046,131658.61
2047,137789.12
2048,139979.86
2049,127622.164
2050,180511.77
2051,103235.53
2052,126240.195
2053,139349.22
2054,86116.32
2055,154095.7
2056,136540.45
2057,119950.15
2058,204892.9
2059,127633.33
2060,176761.94
2061,183842.88
2062,132562.75
2063,111103.73
2064,146445.83
2065,121850.2
2066,162391.05
2067,113099.06
2068,114554.266
2069,86728.42
2070,114491.74
2071,97271.6
2072,148781.8
2073,132405.39
2074,173020.23
2075,173247.08
2076,119748.4
2077,139986.3
2078,129796.59
2079,143893.36
2080,124687.71
2081,135451.89
2082,107753.76
2083,144099.11
2084,109995.016
2085,113188.99
2086,103219.63
2087,122426.68
2088,98864.19
2089,79306.516
2090,136850.94
2091,105153.97
2092,114444.3
2093,128034.36
2094,119592.76
2095,135119.11
2096,84486.21
2097,97265.66
2098,144728.03
2099,61596.703
2100,90961.77
2101,121392.875
2102,128161.57
2103,102906.4
2104,117688.39
2105,120675.48
2106,59493.77
2107,233091.25
2108,118175.44
2109,108013.73
2110,130133.984
2111,132892.08
2112,136967.78
2113,116850.414
2114,107304.53
2115,166228.72
2116,123500.76
2117,159379.78
2118,117578.69
2119,111542.72
2120,118132.016
2121,76144.97
2122,95989.44
2123,75938.96
2124,161699.88
2125,137928.9
2126,153993.45
2127,148953.84
2128,136703.48
2129,105245.04
2130,144459.66
2131,140521.45
2132,115869.055
2133,131990.53
2134,128946.766
2135,96462.99
2136,57546.375
2137,107011.48
2138,118666.85
2139,158582.23
2140,138265.97
2141,138887.45
2142,121546.91
2143,138316.72
2144,124444.66
2145,134798.23
2146,160915.62
2147,136668.23
2148,129453.11
2149,138791.4
2150,213540.98
2151,122468.81
2152,196140.55
2153,155724.48
2154,111793.56
2155,139511.03
2156,282984.88
2157,241503.31
2158,222963.81
2159,200562.14
2160,184679.31
2161,242852.62
2162,434888.38
2163,353443.5
2164,261529.47
2165,174986.42
2166,143897.03
2167,218331.0
2168,195218.25
2169,195292.62
2170,212102.67
2171,142633.06
2172,129458.914
2173,161301.62
2174,246224.25
2175,300693.66
2176,330459.97
2177,254616.64
2178,220240.83
2179,138736.11
2180,221581.17
2181,184883.23
2182,236189.64
2183,194740.31
2184,117417.17
2185,120826.86
2186,150772.81
2187,151890.53
2188,156332.84
2189,233753.08
2190,83808.63
2191,84792.125
2192,94836.89
2193,114362.29
2194,96730.27
2195,114006.24
2196,99617.625
2197,120861.29
2198,159194.19
2199,158420.89
2200,153090.11
2201,159780.83
2202,202370.36
2203,165888.73
2204,173176.62
2205,106652.3
2206,158556.23
2207,244817.88
2208,244232.67
2209,204202.72
2210,118744.92
2211,117300.35
2212,115501.016
2213,104130.336
2214,125771.41
2215,104686.46
2216,149499.95
2217,79471.984
2218,88088.914
2219,85055.57
2220,90144.4
2221,304934.75
2222,267555.34
2223,277651.3
2224,202044.7
2225,115654.07
2226,197420.81
2227,200382.66
2228,266337.9
2229,283693.7
2230,139069.33
2231,206509.86
2232,172930.78
2233,179910.81
2234,262546.7
2235,213605.2
2236,247408.23
2237,310054.03
2238,177205.22
2239,112594.59
2240,163969.36
2241,147285.58
2242,132243.31
2243,124924.83
2244,109516.3
2245,107138.6
2246,146591.83
2247,106299.2
2248,121111.94
2249,121764.15
2250,134099.67
2251,131119.52
2252,177869.25
2253,146827.36
2254,168900.84
2255,181788.75
2256,184914.3
2257,209407.77
2258,170738.08
2259,180905.03
2260,170537.19
2261,186043.8
2262,215371.11
2263,332351.7
2264,386724.88
2265,173798.95
2266,285230.47
2267,403301.47
2268,391924.16
2269,152608.14
2270,188976.34
2271,258702.73
2272,200093.23
2273,171600.48
2274,184995.02
2275,151835.6
2276,200154.7
2277,177287.48
2278,146415.56
2279,128924.46
2280,122539.01
2281,171756.2
2282,190405.56
2283,112258.71
2284,112524.38
2285,161111.6
2286,124003.0
2287,348854.66
2288,269429.38
2289,393572.06
2290,443808.06
2291,318324.0
2292,450198.22
2293,454586.78
2294,412489.6
2295,424056.5
2296,285153.94
2297,319114.97
2298,312876.47
2299,406788.62
2300,327747.8
2301,299657.97
2302,249294.28
2303,234855.72
2304,239488.38
2305,191573.86
2306,180080.14
2307,181303.86
2308,231069.61
2309,267819.56
2310,232600.38
2311,193589.78
2312,189937.3
2313,167369.06
2314,183254.77
2315,172250.08
2316,182144.7
2317,182414.02
2318,174096.06
2319,181774.98
2320,185486.2
2321,258120.1
2322,181858.75
2323,184021.45
2324,162777.75
2325,206056.69
2326,162834.39
2327,207833.7
2328,215272.36
2329,185487.33
2330,187100.86
2331,382447.62
2332,423784.94
2333,311287.25
2334,260099.88
2335,266154.25
2336,330660.25
2337,190574.27
2338,273184.5
2339,242465.86
2340,410282.1
2341,204430.66
2342,250278.88
2343,236200.98
2344,202353.69
2345,238602.16
2346,230339.48
2347,198616.36
2348,250147.97
2349,172116.4
2350,292349.0
2351,253571.86
2352,236429.52
2353,235045.48
2354,138425.2
2355,151720.61
2356,148651.72
2357,186885.88
2358,189170.83
2359,128681.1
2360,115298.445
2361,144370.06
2362,282133.66
2363,134969.28
2364,171721.62
2365,227662.78
2366,191701.31
2367,238824.89
2368,205551.75
2369,242701.36
2370,168263.92
2371,169691.88
2372,188098.08
2373,263956.5
2374,306152.2
2375,277560.78
2376,278152.0
2377,400389.97
2378,137991.58
2379,192248.53
2380,150937.56
2381,170630.4
2382,213438.78
2383,219774.89
2384,241858.88
2385,160338.58
2386,140889.03
2387,137367.62
2388,103692.484
2389,125176.98
2390,136782.58
2391,143510.3
2392,109729.15
2393,164141.38
2394,151907.16
2395,201885.58
2396,146997.69
2397,240212.55
2398,139107.02
2399,69160.3
2400,73635.234
2401,112664.94
2402,129061.5
2403,126781.31
2404,134478.77
2405,170363.5
2406,146835.6
2407,125565.26
2408,147105.23
2409,124353.14
2410,162975.25
2411,123931.75
2412,149241.66
2413,125759.79
2414,142787.39
2415,129577.86
2416,129849.27
2417,138388.48
2418,127220.26
2419,114124.46
2420,124833.15
2421,133885.3
2422,117953.02
2423,121975.914
2424,151750.84
2425,224348.53
2426,123026.36
2427,129157.984
2428,194067.75
2429,110173.99
2430,134419.52
2431,114208.24
2432,142437.33
2433,142408.92
2434,143096.39
2435,152505.27
2436,102771.68
2437,105891.625
2438,129352.586
2439,108457.81
2440,132635.98
2441,104193.64
2442,109619.336
2443,114028.24
2444,124819.414
2445,88864.336
2446,126097.484
2447,235716.2
2448,131848.97
2449,111515.32
2450,155579.05
2451,130336.805
2452,244484.11
2453,86129.984
2454,112137.35
2455,129432.48
2456,128194.72
2457,116702.125
2458,110954.15
2459,99115.93
2460,133463.81
2461,111458.97
2462,133413.02
2463,112413.83
2464,175133.42
2465,137425.17
2466,113662.42
2467,147909.17
2468,71794.0
2469,81500.46
2470,193770.11
2471,212368.75
2472,163537.48
2473,105059.88
2474,76497.4
2475,237585.98
2476,116439.16
2477,125281.32
2478,159043.9
2479,108440.87
2480,152654.16
2481,116742.484
2482,132364.97
2483,111962.414
2484,125837.44
2485,126211.055
2486,156349.38
2487,176957.48
2488,162573.39
2489,160271.53
2490,153711.6
2491,94247.51
2492,178384.5
2493,150429.56
2494,172455.2
2495,99987.39
2496,239497.16
2497,167295.12
2498,118850.96
2499,90950.984
2500,126994.0
2501,139073.36
2502,148444.86
2503,89120.12
2504,184444.77
2505,217028.34
2506,247997.1
2507,322930.78
2508,247785.02
2509,233823.31
2510,243649.66
2511,173215.77
2512,205555.1
2513,206342.17
2514,253081.1
2515,156483.6
2516,161712.9
2517,140197.17
2518,148783.03
2519,219742.94
2520,209754.53
2521,184648.2
2522,216832.47
2523,123679.01
2524,130191.46
2525,142544.84
2526,139598.53
2527,111730.53
2528,127040.8
2529,134253.72
2530,125459.12
2531,283810.2
2532,213749.17
2533,194295.97
2534,251667.97
2535,320869.22
2536,228821.16
2537,245749.0
2538,184468.53
2539,180938.64
2540,179494.17
2541,181452.62
2542,151322.1
2543,138247.0
2544,124726.68
2545,137746.44
2546,142779.61
2547,153084.64
2548,141916.56
2549,153271.17
2550,412855.3
2551,142288.38
2552,132648.58
2553,77190.34
2554,99822.734
2555,115868.83
2556,110500.555
2557,121016.59
2558,124289.75
2559,144891.34
2560,151342.12
2561,145932.61
2562,133721.88
2563,157221.33
2564,199490.84
2565,131389.64
2566,155364.08
2567,134725.25
2568,214527.42
2569,195222.44
2570,118744.92
2571,164961.42
2572,156815.31
2573,256342.25
2574,276226.97
2575,138978.58
2576,130107.49
2577,140026.92
2578,92323.02
2579,64196.89
2580,127380.984
2581,111889.31
2582,118992.016
2583,291639.88
2584,162104.75
2585,177210.81
2586,223063.67
2587,190991.89
2588,146802.62
2589,157355.2
2590,201434.95
2591,186413.83
2592,236126.5
2593,275524.4
2594,172630.97
2595,188968.03
2596,291020.12
2597,169442.34
2598,287170.44
2599,353377.44
2600,114560.766
2601,135564.1
2602,84669.72
2603,102361.016
2604,91558.86
2605,82620.69
2606,150684.47
2607,198327.88
2608,220839.95
2609,156132.28
2610,115843.47
2611,123041.29
2612,144687.39
2613,125290.984
2614,123743.195
2615,161883.95
2616,146027.39
2617,162015.89
2618,196689.0
2619,210281.19
2620,184952.42
2621,189274.12
2622,186622.62
2623,258913.58
2624,272518.38
2625,359323.34
2626,166280.67
2627,175928.03
2628,461633.66
2629,463548.5
2630,340846.1
2631,442467.56
2632,454830.38
2633,304252.1
2634,419113.56
2635,162813.27
2636,193099.39
2637,182997.08
2638,256071.02
2639,194034.66
2640,157878.67
2641,102479.805
2642,190085.05
2643,110020.31
2644,125804.52
2645,110066.09
2646,98041.06
2647,109533.805
2648,159761.77
2649,138482.25
2650,155319.05
2651,148268.98
2652,448053.66
2653,242000.84
2654,249855.42
2655,391813.53
2656,302949.38
2657,346797.6
2658,289465.84
2659,286524.1
2660,345677.56
2661,339938.94
2662,355440.3
2663,265834.72
2664,255739.27
2665,319161.03
2666,300893.38
2667,164398.89
2668,176141.02
2669,175498.64
2670,264961.3
2671,182652.73
2672,189400.05
2673,199548.75
2674,187104.31
2675,181283.47
2676,186894.97
2677,187190.78
2678,267231.0
2679,263997.22
2680,267275.06
2681,444586.16
2682,322252.38
2683,445838.28
2684,326147.28
2685,332079.3
2686,254028.02
2687,301713.03
2688,235714.77
2689,204162.02
2690,418589.62
2691,178891.8
2692,137161.02
2693,195414.31
2694,127228.47
2695,186356.19
2696,183519.77
2697,179717.81
2698,195455.86
2699,176991.34
2700,168598.27
2701,151441.39
2702,116254.38
2703,122829.53
2704,144717.84
2705,122303.68
2706,111990.5
2707,122668.55
2708,128731.445
2709,107905.44
2710,127354.89
2711,290708.84
2712,367684.44
2713,170272.56
2714,153370.66
2715,167929.78
2716,148635.34
2717,176473.9
2718,228999.77
2719,149185.6
2720,175405.83
2721,137937.78
2722,166534.56
2723,149593.2
2724,121460.65
2725,128780.52
2726,149162.47
2727,177337.64
2728,170032.16
2729,141058.47
2730,134651.16
2731,126671.15
2732,125869.625
2733,159414.52
2734,138119.81
2735,137406.1
2736,137805.94
2737,123369.03
2738,130746.41
2739,174780.0
2740,141277.84
2741,147893.88
2742,153223.75
2743,131902.12
2744,166436.7
2745,146352.36
2746,135502.64
2747,139460.53
2748,124699.87
2749,126932.95
2750,124995.195
2751,128049.9
2752,211351.78
2753,151403.1
2754,253319.06
2755,141872.94
2756,92973.91
2757,77713.766
2758,88761.53
2759,152307.77
2760,112382.83
2761,151939.4
2762,148491.12
2763,184120.84
2764,135258.62
2765,314797.3
2766,130594.91
2767,85576.79
2768,130228.836
2769,131693.3
2770,159151.42
2771,109562.62
2772,118895.164
2773,153255.73
2774,144085.73
2775,107934.64
2776,148350.64
2777,144972.69
2778,102991.8
2779,106000.836
2780,105094.336
2781,94670.73
2782,99498.734
2783,93363.11
2784,121916.945
2785,131218.73
2786,75913.0
2787,132400.64
2788,58254.008
2789,193841.6
2790,84316.25
2791,117624.94
2792,69587.31
2793,174361.6
2794,82529.83
2795,110366.37
2796,96446.36
2797,237021.4
2798,98131.6
2799,116017.23
2800,64411.043
2801,115834.98
2802,128097.375
2803,186704.02
2804,139826.08
2805,97019.445
2806,82657.836
2807,160731.5
2808,139641.45
2809,134426.9
2810,124182.58
2811,152675.62
2812,162869.38
2813,135188.03
2814,139191.02
2815,109833.586
2816,256245.23
2817,145218.27
2818,129864.61
2819,172224.94
2820,134421.36
2821,112917.484
2822,183246.6
2823,369972.3
2824,163622.56
2825,133155.55
2826,128578.35
2827,160906.66
2828,202499.77
2829,181260.78
2830,242203.78
2831,170912.08
2832,232320.1
2833,286128.53
2834,208462.34
2835,247215.23
2836,190148.38
2837,161465.44
2838,145646.12
2839,177345.7
2840,194579.64
2841,196661.39
2842,223126.53
2843,155712.75
2844,173051.44
2845,114849.516
2846,212388.05
2847,195903.84
2848,202363.53
2849,202657.94
2850,264434.38
2851,216076.33
2852,219988.38
2853,212458.78
2854,138485.0
2855,200790.7
2856,206097.0
2857,186446.9
2858,204702.5
2859,123177.21
2860,131916.48
2861,124493.77
2862,203745.33
2863,129506.734
2864,243424.08
2865,148629.36
2866,144030.69
2867,102060.555
2868,115130.47
2869,103344.87
2870,119918.33
2871,75621.38
2872,61921.453
2873,103644.516
2874,138765.84
2875,129188.7
2876,173816.47
2877,141923.58
2878,168151.75
2879,132651.36
2880,98638.81
2881,163265.36
2882,168848.1
2883,200220.7
2884,206064.08
2885,183688.88
2886,200027.23
2887,99921.195
2888,136766.1
2889,55487.96
2890,81191.23
2891,146149.56
2892,64635.027
2893,90324.67
2894,63897.457
2895,313335.34
2896,282541.94
2897,213186.67
2898,141893.19
2899,238294.19
2900,159805.62
2901,210524.16
2902,179877.27
2903,342819.94
2904,341091.97
2905,86301.33
2906,176843.27
2907,103621.98
2908,128817.27
2909,125636.72
2910,83343.41
2911,84669.72
2912,145740.05
2913,89916.51
2914,79651.65
2915,84412.14
2916,87843.46
2917,167165.14
2918,113280.64
2919,218109.78
