Id,SalePrice
1461,124768.875
1462,173518.81
1463,185582.11
1464,192717.45
1465,179711.92
1466,172911.72
1467,173672.06
1468,168291.4
1469,194701.39
1470,127331.914
1471,207602.06
1472,99800.305
1473,109118.02
1474,150940.81
1475,124304.62
1476,402103.94
1477,246707.27
1478,278376.16
1479,282740.6
1480,454938.66
1481,305918.94
1482,209785.52
1483,167205.72
1484,167401.16
1485,160973.14
1486,193775.94
1487,371457.2
1488,243025.42
1489,200618.14
1490,221098.31
1491,183301.95
1492,92194.72
1493,211521.45
1494,302925.84
1495,280081.6
1496,227258.1
1497,173041.69
1498,159381.38
1499,158401.28
1500,153635.6
1501,168959.55
1502,137525.72
1503,291412.16
1504,237520.06
1505,211506.2
1506,164994.16
1507,237894.78
1508,207483.03
1509,161907.9
1510,151092.8
1511,143097.67
1512,166937.1
1513,149305.02
1514,166664.56
1515,180276.27
1516,152765.64
1517,164636.55
1518,131371.1
1519,215917.72
1520,138554.98
1521,141736.34
1522,165480.2
1523,119097.414
1524,127289.05
1525,119410.664
1526,118314.03
1527,110139.63
1528,146238.66
1529,146874.5
1530,189083.78
1531,101309.91
1532,92983.1
1533,141603.84
1534,122806.68
1535,150717.08
1536,110463.33
1537,74561.13
1538,161408.17
1539,208816.6
1540,89772.164
1541,135294.86
1542,152205.28
1543,223638.88
1544,75267.055
1545,101564.14
1546,124174.89
1547,129447.98
1548,138989.39
1549,118218.33
1550,134096.56
1551,114668.85
1552,137552.66
1553,141817.8
1554,113760.89
1555,179511.64
1556,80843.29
1557,114659.56
1558,92846.805
1559,91084.086
1560,116882.28
1561,109926.805
1562,134372.45
1563,125249.6
1564,155505.48
1565,146464.38
1566,256974.39
1567,68675.914
1568,225005.72
1569,147347.62
1570,133706.06
1571,117342.664
1572,153759.4
1573,248985.5
1574,127638.34
1575,224465.95
1576,244396.02
1577,194095.06
1578,158285.25
1579,142663.61
1580,187118.69
1581,150337.69
1582,124005.875
1583,306121.75
1584,230722.9
1585,136840.55
1586,80848.375
1587,96257.48
1588,157959.02
1589,98932.664
1590,133000.44
1591,96586.89
1592,126905.06
1593,128954.39
1594,127964.18
1595,124331.234
1596,243119.2
1597,172964.78
1598,190700.05
1599,183189.4
1600,175695.5
1601,71637.35
1602,122773.7
1603,90641.34
1604,288544.88
1605,237271.72
1606,176503.48
1607,186694.52
1608,218400.8
1609,194294.97
1610,142575.86
1611,135962.77
1612,166859.1
1613,152750.64
1614,129817.266
1615,87440.22
1616,68406.414
1617,86470.05
1618,126691.96
1619,137164.7
1620,163806.0
1621,131189.28
1622,150077.83
1623,292972.38
1624,196189.19
1625,130482.305
1626,156170.8
1627,187318.77
1628,273299.4
1629,173964.6
1630,338067.8
1631,224866.12
1632,253844.6
1633,160366.1
1634,182406.34
1635,171734.52
1636,151912.9
1637,177194.61
1638,192161.56
1639,169733.58
1640,263145.03
1641,177782.4
1642,226421.56
1643,225175.2
1644,233548.53
1645,161778.2
1646,158198.39
1647,154537.72
1648,132024.22
1649,138055.3
1650,120659.945
1651,124762.25
1652,92969.664
1653,96783.06
1654,150216.56
1655,154768.9
1656,147769.56
1657,150477.1
1658,147977.33
1659,129145.61
1660,154013.66
1661,484316.66
1662,403098.56
1663,405460.53
1664,467043.28
1665,351146.84
1666,343095.06
1667,368587.53
1668,371461.38
1669,303151.62
1670,381883.5
1671,263968.66
1672,424242.62
1673,290838.8
1674,248145.06
1675,202678.03
1676,191317.75
1677,231918.11
1678,431201.97
1679,418840.9
1680,338551.56
1681,261391.66
1682,297068.47
1683,176225.14
1684,173537.89
1685,172148.39
1686,169675.28
1687,158068.6
1688,195763.78
1689,181673.81
1690,189347.23
1691,168876.67
1692,257134.81
1693,151326.36
1694,179364.22
1695,162130.38
1696,271052.34
1697,165561.19
1698,357251.62
1699,310892.3
1700,249103.06
1701,261638.7
1702,273667.7
1703,247672.67
1704,283913.8
1705,233984.78
1706,447105.2
1707,240199.22
1708,214053.1
1709,270604.97
1710,226267.84
1711,255539.44
1712,263356.25
1713,282518.56
1714,227527.1
1715,200428.62
1716,190998.58
1717,171640.1
1718,129572.1
1719,195151.61
1720,259576.08
1721,161568.42
1722,116559.16
1723,153735.12
1724,235741.42
1725,243753.92
1726,188449.23
1727,165012.58
1728,181018.66
1729,165669.08
1730,157734.34
1731,119865.67
1732,119898.77
1733,126102.34
1734,122364.56
1735,131924.97
1736,114502.49
1737,348159.53
1738,235443.55
1739,317548.62
1740,210840.17
1741,187534.22
1742,170714.08
1743,175227.5
1744,307978.56
1745,229383.94
1746,191974.03
1747,218182.9
1748,241334.2
1749,159906.7
1750,140052.81
1751,233170.06
1752,117167.586
1753,137831.5
1754,199658.02
1755,169116.08
1756,120692.93
1757,118924.68
1758,161355.31
1759,157033.0
1760,175075.98
1761,132875.06
1762,164851.89
1763,179080.19
1764,118232.19
1765,176102.78
1766,161574.94
1767,235816.75
1768,151993.17
1769,170337.58
1770,145809.38
1771,136548.05
1772,137165.22
1773,136528.31
1774,117754.29
1775,136668.58
1776,124434.88
1777,115291.234
1778,130826.44
1779,115546.31
1780,174547.1
1781,135712.45
1782,103148.484
1783,146103.98
1784,96471.055
1785,117289.34
1786,128960.195
1787,168938.02
1788,63723.992
1789,102173.05
1790,72437.46
1791,186916.27
1792,154420.34
1793,127185.984
1794,143180.2
1795,139060.98
1796,120505.98
1797,122766.03
1798,123883.586
1799,109628.234
1800,128403.39
1801,142979.03
1802,137952.12
1803,150413.28
1804,143484.05
1805,132916.02
1806,125693.74
1807,121710.32
1808,107094.4
1809,120690.54
1810,141869.62
1811,88069.75
1812,97143.53
1813,119696.15
1814,89949.67
1815,52696.71
1816,99533.81
1817,113333.71
1818,148161.52
1819,120906.48
1820,70872.72
1821,107081.13
1822,148836.45
1823,55426.324
1824,130130.89
1825,129265.836
1826,100373.91
1827,107824.445
1828,126335.484
1829,123618.984
1830,141417.66
1831,145611.88
1832,83791.89
1833,132611.03
1834,119866.09
1835,137650.52
1836,135718.02
1837,78326.41
1838,113884.41
1839,93956.59
1840,161923.69
1841,156377.02
1842,77296.44
1843,134569.72
1844,133941.22
1845,143307.83
1846,152531.53
1847,149984.45
1848,68660.51
1849,91553.68
1850,110511.234
1851,152381.28
1852,114756.914
1853,127507.75
1854,161138.03
1855,149135.25
1856,233327.88
1857,156285.1
1858,125622.86
1859,118618.31
1860,150221.88
1861,109670.695
1862,301228.62
1863,290975.56
1864,290975.56
1865,368068.53
1866,365512.6
1867,243320.9
1868,304826.06
1869,217697.9
1870,235933.23
1871,249136.28
1872,164914.6
1873,252104.08
1874,142119.11
1875,207329.62
1876,206584.1
1877,217501.16
1878,215667.25
1879,135599.88
1880,131470.33
1881,271521.7
1882,255358.36
1883,185141.17
1884,205695.34
1885,247646.98
1886,291437.8
1887,200233.89
1888,263992.38
1889,154663.45
1890,116096.08
1891,136559.7
1892,114055.4
1893,131284.06
1894,127554.85
1895,124585.984
1896,129586.84
1897,112652.35
1898,115600.12
1899,160615.34
1900,149763.73
1901,171088.52
1902,165420.34
1903,228659.16
1904,152641.64
1905,188208.17
1906,163746.23
1907,215129.8
1908,107513.586
1909,135613.67
1910,125252.55
1911,198114.16
1912,295814.4
1913,156666.84
1914,70972.12
1915,296879.78
1916,74857.57
1917,252820.36
1918,142668.89
1919,166264.22
1920,136396.33
1921,449057.53
1922,342580.0
1923,209729.44
1924,217755.48
1925,207597.98
1926,398642.5
1927,132705.42
1928,147484.08
1929,120719.87
1930,122040.97
1931,141687.14
1932,137940.05
1933,177065.14
1934,175570.47
1935,172785.48
1936,187575.84
1937,192226.05
1938,171518.89
1939,248380.06
1940,176815.22
1941,172098.66
1942,175238.75
1943,215953.4
1944,365918.03
1945,379181.62
1946,170694.11
1947,312334.56
1948,176761.22
1949,247264.9
1950,181704.52
1951,262147.47
1952,230710.31
1953,162261.6
1954,178460.56
1955,135449.66
1956,331212.25
1957,149475.83
1958,332808.5
1959,136190.06
1960,124777.95
1961,117661.06
1962,96005.81
1963,107361.27
1964,116427.96
1965,148914.66
1966,150406.78
1967,286228.6
1968,422464.56
1969,404468.4
1970,447194.7
1971,448035.72
1972,384661.34
1973,266516.97
1974,323490.8
1975,459776.78
1976,257534.22
1977,351166.84
1978,383558.9
1979,349576.25
1980,193296.34
1981,350479.28
1982,228044.97
1983,207981.98
1984,170322.56
1985,220517.36
1986,204520.97
1987,182953.4
1988,172359.56
1989,192254.45
1990,213658.77
1991,241381.66
1992,210261.53
1993,163493.47
1994,252779.89
1995,190799.45
1996,250178.52
1997,332824.66
1998,316951.8
1999,267037.06
2000,310167.0
2001,262992.47
2002,241355.14
2003,264035.94
2004,269001.62
2005,231859.75
2006,235483.62
2007,244862.36
2008,208187.95
2009,190836.88
2010,187558.77
2011,141511.81
2012,170582.9
2013,179426.75
2014,185967.83
2015,206611.25
2016,206316.7
2017,197183.83
2018,123717.23
2019,136148.4
2020,108402.875
2021,108469.66
2022,185634.86
2023,162467.22
2024,241434.88
2025,359168.1
2026,171103.08
2027,151309.97
2028,160359.58
2029,169885.33
2030,268627.47
2031,232580.16
2032,246482.38
2033,247219.83
2034,165533.27
2035,223683.78
2036,193446.52
2037,196453.2
2038,299143.1
2039,214747.23
2040,340576.8
2041,305059.2
2042,204267.5
2043,172489.02
2044,172725.81
2045,230600.61
2046,139604.8
2047,147486.52
2048,137723.11
2049,131324.11
2050,175368.42
2051,103216.56
2052,127456.49
2053,144394.16
2054,85523.055
2055,162120.52
2056,139167.05
2057,118737.16
2058,215655.66
2059,136029.25
2060,191771.27
2061,191394.02
2062,138247.94
2063,108439.984
2064,145498.86
2065,112425.87
2066,167816.88
2067,113948.664
2068,116385.414
2069,87156.38
2070,122333.484
2071,95962.375
2072,147382.8
2073,136356.42
2074,179356.86
2075,156124.66
2076,122118.17
2077,140295.31
2078,125776.86
2079,147757.92
2080,124694.3
2081,135697.12
2082,93576.02
2083,141895.38
2084,115021.14
2085,119252.234
2086,99467.1
2087,129719.336
2088,102848.05
2089,80538.58
2090,132160.84
2091,116355.875
2092,128722.664
2093,115899.336
2094,111386.78
2095,157821.98
2096,76648.125
2097,88896.41
2098,145216.67
2099,66873.27
2100,95433.336
2101,115668.32
2102,127468.79
2103,97868.35
2104,111665.97
2105,122726.39
2106,75162.195
2107,203813.58
2108,115592.48
2109,114513.87
2110,133932.25
2111,131546.84
2112,132094.9
2113,130058.9
2114,114711.445
2115,156879.83
2116,120378.77
2117,158574.84
2118,124730.94
2119,105758.18
2120,124516.13
2121,81811.21
2122,98299.21
2123,87734.125
2124,168144.42
2125,133028.69
2126,168649.22
2127,149175.72
2128,127505.7
2129,97682.2
2130,148043.52
2131,113451.14
2132,129119.555
2133,127187.34
2134,117096.555
2135,95144.48
2136,72597.99
2137,101776.52
2138,125107.836
2139,161559.11
2140,138793.48
2141,140603.36
2142,128135.51
2143,148291.84
2144,130016.836
2145,130180.82
2146,157849.0
2147,149430.62
2148,130385.96
2149,137665.67
2150,235417.62
2151,125364.89
2152,196596.36
2153,162077.8
2154,107724.11
2155,141484.95
2156,246605.67
2157,240441.42
2158,232144.86
2159,202981.4
2160,161309.73
2161,249535.11
2162,406860.84
2163,383349.53
2164,241579.66
2165,187228.88
2166,148062.95
2167,231286.61
2168,208503.67
2169,202461.67
2170,221058.61
2171,150001.12
2172,133613.47
2173,167765.83
2174,233466.92
2175,272404.5
2176,322336.34
2177,240751.1
2178,216740.69
2179,138239.31
2180,231423.86
2181,184588.97
2182,215945.23
2183,197636.73
2184,115224.914
2185,128069.36
2186,150209.84
2187,156167.06
2188,153358.56
2189,251069.03
2190,87631.89
2191,88539.69
2192,91709.2
2193,103174.586
2194,101116.51
2195,120704.03
2196,110242.22
2197,124668.0
2198,160179.8
2199,171099.55
2200,151816.73
2201,154845.02
2202,212008.47
2203,161720.86
2204,190651.56
2205,122824.305
2206,143299.5
2207,228139.72
2208,238934.27
2209,220278.08
2210,119303.99
2211,116534.57
2212,114849.94
2213,107655.18
2214,126809.766
2215,109797.766
2216,146056.48
2217,63894.902
2218,77381.43
2219,82948.49
2220,74183.164
2221,303568.97
2222,265361.8
2223,285647.78
2224,209133.75
2225,118405.98
2226,189124.3
2227,186567.28
2228,269693.9
2229,264811.78
2230,146564.7
2231,208181.12
2232,183210.58
2233,175247.08
2234,231533.27
2235,226004.22
2236,267593.28
2237,322202.94
2238,196116.12
2239,115162.93
2240,169491.1
2241,152235.34
2242,137034.19
2243,126554.47
2244,101865.76
2245,91301.27
2246,138222.39
2247,111292.17
2248,120617.586
2249,126690.23
2250,129986.64
2251,135135.14
2252,168602.84
2253,141040.7
2254,166676.8
2255,178385.02
2256,179522.47
2257,206928.0
2258,162284.06
2259,173122.77
2260,155203.31
2261,180158.02
2262,192578.27
2263,364917.7
2264,386044.66
2265,168251.33
2266,281006.75
2267,371363.84
2268,370477.84
2269,145424.86
2270,190336.7
2271,226316.94
2272,187904.66
2273,163936.17
2274,180282.81
2275,161544.89
2276,211765.8
2277,176365.45
2278,147944.64
2279,131281.03
2280,117022.98
2281,167975.1
2282,196405.2
2283,101437.3
2284,115544.86
2285,142792.0
2286,123773.59
2287,343984.72
2288,267071.94
2289,369678.03
2290,439868.56
2291,319739.72
2292,419598.38
2293,434515.88
2294,408897.5
2295,424863.44
2296,296824.97
2297,320538.34
2298,353402.56
2299,384846.16
2300,337001.53
2301,280087.56
2302,243748.22
2303,250614.06
2304,231033.16
2305,191514.89
2306,187834.92
2307,198200.94
2308,224258.61
2309,277013.03
2310,215527.84
2311,186329.3
2312,179836.05
2313,172324.73
2314,167354.48
2315,170526.9
2316,180166.06
2317,189965.5
2318,176009.38
2319,181250.48
2320,187653.22
2321,245788.16
2322,176745.77
2323,172093.61
2324,156176.3
2325,215544.42
2326,153953.52
2327,209032.78
2328,226043.78
2329,185672.77
2330,178060.58
2331,353746.0
2332,392768.47
2333,296124.03
2334,250113.02
2335,253606.42
2336,316426.88
2337,207137.0
2338,263733.75
2339,216572.94
2340,412762.06
2341,220019.22
2342,241291.16
2343,230040.66
2344,217442.3
2345,234516.31
2346,224756.34
2347,205384.4
2348,238281.17
2349,171902.4
2350,297760.78
2351,261625.53
2352,243748.38
2353,254933.95
2354,141088.25
2355,145061.66
2356,150787.72
2357,205953.0
2358,203606.48
2359,132516.36
2360,117987.37
2361,138997.39
2362,275695.16
2363,147962.23
2364,164826.84
2365,210839.92
2366,185716.31
2367,217196.16
2368,210950.11
2369,236065.89
2370,167758.98
2371,169477.67
2372,189252.67
2373,259341.44
2374,287609.56
2375,251971.52
2376,284515.25
2377,367944.06
2378,139691.44
2379,199223.62
2380,145358.19
2381,154821.33
2382,197225.52
2383,220161.19
2384,242579.98
2385,159384.52
2386,138809.06
2387,135524.77
2388,99380.69
2389,113327.0
2390,138999.69
2391,141436.52
2392,116429.516
2393,164435.66
2394,153502.67
2395,212554.08
2396,148676.75
2397,242542.08
2398,132963.52
2399,73663.11
2400,74870.234
2401,115015.33
2402,138658.17
2403,131334.72
2404,150669.95
2405,161454.52
2406,136412.77
2407,129156.266
2408,140817.88
2409,131952.36
2410,172482.9
2411,124413.25
2412,155224.14
2413,131317.95
2414,136352.28
2415,121115.7
2416,132850.6
2417,131793.55
2418,126292.3
2419,128113.766
2420,127423.42
2421,128526.32
2422,116058.68
2423,107092.88
2424,139376.56
2425,265107.0
2426,133184.45
2427,116107.26
2428,195130.61
2429,115484.71
2430,135630.27
2431,117324.055
2432,142017.73
2433,147168.33
2434,143535.08
2435,136746.45
2436,104197.62
2437,110805.766
2438,131556.14
2439,105458.42
2440,130205.85
2441,97881.18
2442,102256.27
2443,121966.51
2444,120128.85
2445,82003.05
2446,132531.6
2447,200925.17
2448,132359.05
2449,111189.13
2450,139804.55
2451,129760.81
2452,231025.55
2453,85007.555
2454,104496.44
2455,114417.12
2456,140239.88
2457,136678.94
2458,112886.0
2459,113132.95
2460,133171.88
2461,118860.29
2462,144490.23
2463,118565.83
2464,184602.22
2465,139304.9
2466,119056.92
2467,137337.5
2468,75465.27
2469,85298.7
2470,194504.19
2471,214738.16
2472,172946.53
2473,118667.945
2474,82842.82
2475,241421.92
2476,120121.98
2477,132543.02
2478,148454.11
2479,109701.445
2480,150859.23
2481,125830.36
2482,132760.42
2483,113801.6
2484,126287.25
2485,128703.305
2486,150665.2
2487,180303.95
2488,159805.62
2489,153827.48
2490,154713.48
2491,82104.74
2492,168483.58
2493,136998.97
2494,166302.95
2495,87708.24
2496,254938.78
2497,157935.5
2498,127243.18
2499,83291.42
2500,132441.56
2501,141747.61
2502,148618.88
2503,102900.56
2504,205732.33
2505,219083.17
2506,244914.36
2507,307706.6
2508,244908.88
2509,217638.42
2510,220091.58
2511,177844.06
2512,209198.6
2513,213033.17
2514,249555.03
2515,145536.31
2516,157503.95
2517,139880.89
2518,147070.75
2519,220673.66
2520,222858.98
2521,186000.45
2522,226680.28
2523,123109.4
2524,138210.27
2525,152730.08
2526,138263.3
2527,112635.12
2528,129996.914
2529,136560.34
2530,120758.234
2531,263884.44
2532,233362.11
2533,206225.55
2534,230976.39
2535,300495.56
2536,242265.73
2537,241284.12
2538,184083.56
2539,189922.3
2540,164352.0
2541,175634.38
2542,161427.86
2543,143272.86
2544,132182.73
2545,141379.9
2546,128728.125
2547,143212.03
2548,141752.92
2549,159914.98
2550,397456.84
2551,137836.27
2552,126352.75
2553,83145.31
2554,105226.49
2555,111163.625
2556,98234.56
2557,120360.336
2558,112414.43
2559,137998.92
2560,151398.39
2561,149070.53
2562,139517.47
2563,158971.83
2564,186322.39
2565,136241.03
2566,175518.67
2567,140930.92
2568,202431.02
2569,192006.6
2570,116925.87
2571,166848.0
2572,169647.38
2573,231278.83
2574,271515.72
2575,137090.77
2576,135512.34
2577,172017.06
2578,90497.05
2579,64472.07
2580,127304.336
2581,122570.47
2582,128227.95
2583,280113.16
2584,163460.55
2585,170424.05
2586,229814.77
2587,197352.84
2588,148111.48
2589,151071.6
2590,199398.03
2591,198898.36
2592,231661.25
2593,263692.62
2594,175392.62
2595,195647.48
2596,289248.28
2597,175145.16
2598,286423.44
2599,329541.1
2600,138026.56
2601,147016.97
2602,74466.05
2603,87244.56
2604,87112.1
2605,79284.27
2606,155620.1
2607,207203.0
2608,227260.56
2609,162441.52
2610,114038.56
2611,130299.46
2612,153779.9
2613,121737.62
2614,126799.15
2615,151723.88
2616,142910.1
2617,192356.47
2618,194741.98
2619,196616.98
2620,188312.94
2621,186271.81
2622,175359.6
2623,257494.0
2624,288477.75
2625,326276.53
2626,169685.98
2627,170496.73
2628,432375.28
2629,459054.34
2630,310035.72
2631,447393.56
2632,423871.78
2633,307021.88
2634,395829.38
2635,164553.5
2636,179440.03
2637,191580.45
2638,246204.62
2639,196191.38
2640,162405.56
2641,113235.51
2642,195099.84
2643,100056.12
2644,125855.67
2645,100600.44
2646,98599.76
2647,100754.76
2648,156269.22
2649,142941.61
2650,145055.75
2651,149205.95
2652,416967.56
2653,244053.84
2654,258039.2
2655,383551.03
2656,294152.78
2657,325741.06
2658,285019.66
2659,275752.56
2660,351093.47
2661,343430.7
2662,379210.2
2663,271996.9
2664,270028.03
2665,321438.97
2666,292114.25
2667,168964.48
2668,174882.86
2669,171788.89
2670,268296.03
2671,177386.67
2672,187219.19
2673,197733.98
2674,194544.81
2675,171767.84
2676,184956.92
2677,195544.23
2678,248374.6
2679,267398.62
2680,267208.4
2681,419981.1
2682,313735.53
2683,438014.97
2684,305165.5
2685,347308.16
2686,255459.17
2687,307722.62
2688,214121.03
2689,217063.17
2690,426191.06
2691,193512.5
2692,132991.66
2693,204086.88
2694,127675.09
2695,191405.89
2696,183380.42
2697,190313.62
2698,189727.66
2699,171492.3
2700,155517.66
2701,151366.03
2702,127645.52
2703,126469.55
2704,139153.11
2705,122573.055
2706,122807.734
2707,125731.82
2708,131683.86
2709,103924.375
2710,128784.43
2711,317830.28
2712,389911.72
2713,167514.92
2714,156000.89
2715,171757.22
2716,138345.67
2717,175731.34
2718,221498.12
2719,155838.4
2720,177795.0
2721,145057.97
2722,172818.22
2723,141733.9
2724,132233.48
2725,128848.305
2726,148232.9
2727,183496.77
2728,158610.86
2729,155430.92
2730,145214.88
2731,126841.53
2732,128117.46
2733,149192.42
2734,145391.83
2735,144649.94
2736,137952.14
2737,134020.05
2738,125969.76
2739,166602.28
2740,135291.52
2741,143794.28
2742,147416.62
2743,133760.77
2744,156785.72
2745,138678.53
2746,132264.55
2747,132706.47
2748,121170.53
2749,128789.77
2750,125963.82
2751,129049.125
2752,201308.58
2753,146351.64
2754,269122.38
2755,148315.36
2756,95755.54
2757,80116.91
2758,79999.11
2759,156984.47
2760,141439.75
2761,153219.27
2762,155927.58
2763,184068.64
2764,136696.67
2765,308381.75
2766,143839.56
2767,93895.97
2768,124685.516
2769,148548.92
2770,152040.77
2771,117302.77
2772,119113.48
2773,166542.39
2774,133155.33
2775,117147.5
2776,142928.2
2777,144415.02
2778,112118.97
2779,127717.734
2780,89232.695
2781,91318.26
2782,95079.97
2783,99518.766
2784,116132.02
2785,135231.72
2786,70512.39
2787,125396.18
2788,65564.016
2789,202652.11
2790,80028.1
2791,114097.83
2792,67377.59
2793,171338.06
2794,97806.31
2795,129488.43
2796,105128.96
2797,223580.12
2798,106657.38
2799,129914.04
2800,58824.64
2801,122892.93
2802,139479.47
2803,168700.89
2804,145488.44
2805,96244.84
2806,93674.47
2807,162384.5
2808,150839.58
2809,136340.27
2810,123857.164
2811,151977.47
2812,158953.12
2813,149059.39
2814,141824.0
2815,110142.734
2816,250495.23
2817,146071.23
2818,131729.52
2819,159423.14
2820,144115.66
2821,116433.3
2822,191726.0
2823,324665.16
2824,169730.53
2825,146077.28
2826,124238.98
2827,142983.86
2828,204961.7
2829,192305.61
2830,213462.53
2831,173350.38
2832,241905.31
2833,296865.97
2834,213121.14
2835,233092.84
2836,193472.56
2837,145197.97
2838,140850.53
2839,176642.89
2840,206937.25
2841,206684.58
2842,235309.12
2843,162424.02
2844,170660.45
2845,123531.21
2846,224175.1
2847,197819.27
2848,202697.14
2849,206416.52
2850,271373.97
2851,224893.66
2852,229731.14
2853,230817.94
2854,136898.55
2855,196585.81
2856,207748.1
2857,188647.6
2858,216728.66
2859,128331.734
2860,132896.42
2861,132039.69
2862,206650.25
2863,111474.85
2864,233398.36
2865,141331.77
2866,137072.88
2867,99857.266
2868,114975.54
2869,107801.625
2870,124435.29
2871,76242.9
2872,56522.434
2873,105616.586
2874,135391.31
2875,116882.42
2876,176427.72
2877,143464.75
2878,165724.61
2879,140755.42
2880,102495.09
2881,168431.1
2882,183435.12
2883,204253.0
2884,203440.7
2885,192084.33
2886,208439.67
2887,101345.15
2888,139354.47
2889,55336.61
2890,80385.88
2891,135018.88
2892,63186.277
2893,90274.055
2894,59319.88
2895,297266.66
2896,291014.06
2897,228250.27
2898,158727.17
2899,213578.1
2900,153385.31
2901,224319.67
2902,191980.38
2903,329017.8
2904,366015.5
2905,85681.516
2906,196664.48
2907,110598.15
2908,132289.61
2909,132592.39
2910,79732.27
2911,77096.555
2912,152005.56
2913,83766.05
2914,76294.57
2915,79860.23
2916,82831.34
2917,168119.38
2918,117016.766
2919,225500.94
